000000000000000000000000000000000000000000000000000000000000000000000000000000000000000000000000000000000000000000000000000000000000001100000000001100
000000000000000000000000000000000000000000000000000000000000000000000000000000000000000000000000000000000000000000000000000000000000001100000000001000
000000000000000000000000000000000000000000000000000000000000000000000000000000000000000000000000000000000000000000000000000000000000001100000000001000
000000000000000000000000000000000000000000000000000000000000000000000000000000000000000000000000000000000000000000000000000000000000001100000000001000
000000000000000000000000000000000000000000000000000000000000000000000000000000000000000000000000000000000000000000000000000000000000001100000000001000
000000000000000000000000000000000000000000000000000000000000000000000000000000000000000000000000000000000000000000000000000000000000001100000000000000
000000000000000000000000000000000000000000000000000000000000000000000000000000000000000000000000000000000000000000000000000000000000001100000000000000
000000000000000000000000000000000000000000000000000000000000000000000000000000000000000000000000000000000000000000000000000000000000001100000000000000
000000000000000000000000000000000000000000000000000000000000000000000000000000000000000000000000000000000000000000000000000000000000001100000000010000
000000000000000000000000000000000000000000000000000000000000000000000000000000000000000000000000000000000000000000000000000000000000001100000000010000
000000000000000000000000000000000000000000000000000000000000000000000000000000000000000000000000000000000000000000000000000000000000001100000000110000
000000000000000000000000000000000000000000000000000000000000000000000000000000000000000000000000000000000000000000000000000000000000001100000000010000
000000000000000000000000000000000000000000000000000000000000000000000000000000000000000000000000000000000000000000000000000000000000001100000000100000
000000000000000000000000000000000000000000000000000000000000000000000000000000000000000000000000000000000000000000000000000000000000000100000000100000
000000000000000000000000000000000000000000000000000000000000000000000000000000000000000000000000000000000000000000000000000000000000000100000000100000
000000000000000000000000000000000000000000000000000000000000000000000000000000000000000000000000000000000000000000000000000000000000000100000000100000
000000000000000000000000000000000000000000000000000000000000000000000000000000000000000000000000000000000000000000000000000000000000000100000001000000
000000000000000000000000000000000000000000000000000000000000000000000000000000000000000000000000000000000000000000000000000000000000000000000000000000
000000000000000000000000000000000000000000110000000000000000000000000000000000000000000000000000000000000000000000000000000000000000000000000000000000
000000000000000000000000000000000000000001110000000000000000000000000000000000000000000000000000000000000000000000000000000000000000000000000001000000
000000000000000000000000000000000000000000110000000000001000000000000000000000000000000000000000000000000000000000000000000000000000000000000001000000
000000000000000000000000000000000000010000011000000000011100000000000000000000000000000000000000000000000000000000000000000000000000000000000000000000
000000000000000000000000000000000000011001011110000000101000000000000000000000000000000000000000000000000000000000000000000000000000000000000000000000
000000000000000000000000000000000000011111111110000000000000000000000000000100000000000000000000000000000000000000000000000000000000000000000010000000
000000000000000000000000000000000000011111111110110000000000000000000000111111010000000000000000000000000000000000000000000000000000000000000010000000
000000000000000000000000000000000000011111111111111001111110000000000010111111000000000000000000000000000000000000000000000000000000000000000010000000
000000000000000000000000000000000000011111111111111111111110000000000111111111000000000000000000000000000000000000000000000000000000000000000000000000
000000000000000000000000000000000000000111111111111111101110000000111111111000000000000000000000000000000000000000000000000000000000000000000000000000
000000000000000000000000000000000000000101111111111111111100000011110001111000000000000000000000000000000000000000000000000000000000000000000000000000
000000000000000000000000000000011100000000011111111111111110000110000111111000000000000000000000000000000000000000000000000000000000010000000100000000
000000000000000000000000000000001101101110111111111111111111111001001111110000000000000000000000000000000000000000000000000000000000000000000100000000
000000000000000000000000000000000111111111111111111111110111100011111111000000000000000000000000000000000000000000000000000000000000000000000100000000
000000000000000000000000000000001111111111111111111111001111110011111111000101100000000000000000000000000000000000000000000000000000010000000000000000
000000000000000000000000000000011111111111111111111001111111110111111111111111111111100000000000000000000000000000000000000000000000100000000000000000
000000000000000000000000000000001111111111111111110001111111111011111111111111111111111110000000000000000000000000000000000000000000110000001000000000
000000000000000000000000000000001111111111111111100001111111111111111111111111111111111110000000000000000000000000000000000000000000110000001000000000
000000000000000000000000000000000011111111111111001111111111111111111111111111111111110000000000000000000000000000000000000000000000010000000000000000
000000000000000000000000000000000111101111111100011111111111100111111111111111111111000000000000000000000000000000000000000000000000010000000000000000
000000000000000000000000000000000111111111100111111111110011110001111111111101000000000000000000000000000000000000000000000000000000110000000000000000
000000000000000000000000000000000001111111001111111111111111111000001111100000000000000000000000000000000000000000000000000000000000110000000000000000
000000000000000000000000000000000011111100111111111111111111111100000011111000000000000000000000000000000000000000000000000000000000110000000000000000
000000000000000000000000000000000011111001111111111111111111111111100000111110000000000000000000000000000000000000000000000000000000110000000000000000
000000000000000000000000000000000011111011111111111111111111111111100000001111100000000000000000000000000000000000000000000000000001110000000000000000
000000000000000000000000000000000111111011111111111111111111111111100000000011111000000000000000000000000000000000000000000000000001110000000000000000
000000000000000000000000000000000111111011111111111111011111111111111000000000111110000000000000000000000000000000000000000000000001110000000000000000
000000000000000000000000000000000111111110111111111011001111111111111000000000001111100000000000000000000000000000000000000000000001110000000000000000
000000000000000000000000000000000111000110111111000011000111111111111110000000000011110000000000000000000000000000000000000000000001110000000000000000
000000000000000000000000000000000001100000111100000000000011111111111111000000000000111110000000000000000000000000000000000000000011110000000000000000
000000000000000000000000000000000000000000011000000000110011111111111111000000000000001111000000000000000000000000000000000000000011110000000000000000
000000000000000000000000000000000000000000000000000000111101111111111111100000000000000011110000000000000000000000000000000000000000111000000000000000
000000000000000000000000000000000000000000001000000001111000111111111111100000000000000000011100000000000000000000000000000000000111111000000000000000
000000000000000000000000000000000000000000000000000001111000010111001111100000000000000000000111000000000000000000000000000000001111110000000000000000
000000000000000000000000000000000000000000000000000000111000000011011111101000000000000000000000100000000000000000000000000000001111111000000000000000
000100000000000000000000000000000000000000000000000000011000000000001001000000000000000000000000000000000000000000000000000000001111111000000000000000
011000000000000000000000000000000000000000000000000000001000000000000000000000000000000000000000000010000000000000000000000000000111111000000000000000
111100000000000000000000000000000000000000000000000000000000000000000000000000000000000000000000000000000000000000000000000000000111011000000000000000
110000000000000000000000000000000000000000000000000000000000000000000000000000000000000000000000000000010000000000000000000000001111001000000000000000
110000000000000000000000000000000000000000000000000000000000000000000000000000000000000000000000000000000000000000000000000000001100011000000000000000
100000000000000000000000000000000000000000000000000000000000000000000000000000000000000000000000000000000000000000000000000000001111111000000000000000
000000000000000000000000000000000000000000000000000000000000000000000000000000000000000000000000000000000000000000000000000000001111111000000000000000
000000000000000000000000000000000000000000000000000000000000000000000000000000000000000000000000000000000000000000000000000000111111111000000000000000
100000000000000000000000000000000000000000000000000000000000000000000000000000000000000000000000000000000000000000000000000001111111111000000000000000
000000000000000000000000000000000000000000000000000000000000000000000000000000000000000000000000000000000000000000000000000001111111111000000000000000
000000000000000000000000000000000000000000000000000000000000000000000000000000000000000000000000000000000000000000000000000001111111111000000000000000
000000000000000000000000000000000000000000000000000000000000000000000000000000000000000000000001110000000000000000000000000011111011111000000000000000
000000011111000000000000000000000000001100000000000000000000000000000000000000000000000000000001100000000000000000000000000111111110111000000000000000
111111111110000000000000100000000000011000000000000000000000000000000000000000000000000000000001100000000000000000000000000001111100111000000000000000
111111110000000000000000110000000001110000000000000000000000000000000000000001011000000101111011000000000000000000000011000000011111111100000000000000
100000000000000000000000110001000001110000000000000000000000000000000000000011111111111111111111000110000000000000000011010000000011111000000000000000
000000000000000000000000111011110011110000000000000000000000000000001000000111111111111111111111111111111100000000000011110000000011111000000000000000
000000000000000000000000011111110011110000000000000000000000000000011000011111111111111111111111111111111110000000111111111111000000111000000000000000
111100000000000000000001111111110011110000001111101100000000000000001100011111111111111111111111111111000000001110111111111111100000111000000000000000
111111110000000000000001111111111111110001111111111110000000000000000110111111111111111111111111111110000000001111111111111111111000010000000000000000
111111111111000000000001111111111111110011111111111000000000000000010111111111111111111111111111111100000000000001111111111111111110000001000000000000
001101111111111111110001111111111111111111111111111000000000000000011111111111111111111111110111111111110000001100111111111111111111000001000000000000
000100000111111111111110011111111111111111111111000000000000000011111111111111111111111111111111111111000000000000111111111111111111110000110010000000
000000000000111111111111111111111111111111111110000000000000000011111111111111111111111111111111111111000000000011111111111111111111111101110000000000
000000000000000111111111111111111111111111111100011111100000000011111110111111111111111111111111111110000000000011111111111111111111111100001000010000
000000000000000111111111111111111111111111111000111111111000000111111111111111111111111111111110111111000000000100101111111111111111111100001111111110
000000001111111111111111111100011111111111100001111111111110000111111111111111111111110111111111111111001000000000111111111111111111111100000111111111
000000001111111111111111111111100001111111111011111111111111111111111111111111111111111111111111111111100100000000001011111111111111111000001111111111
000000011111111111111111111111111000011111111111111111111111111011111111111111111111111111111111111111100110000100001110011111111111111000000001111111
000000001111111111111111111111111111100001111111111111111111111101111111111111111111111111111111111111101111111100001111011011111111111000000001111111
000000001111111110001111111111111111111100000111111111111111111110011111111111111111111110001111111111111111111110011111111111111111111000000101110110
000000111111111111111111111111111111111111110000001111111111111111111111111111111111111111111111111111111111111111111111111111111101011000001100101100
000000011111111111111111111111111111111111111110000001111111111111111111111111111111111111111111111111111111111111111111111111111111100000000000111111
000000000011100000011111111111111111111111111111111011111111111111111111111111111111111111111111111111111111111111111000111111111111111000000000011111
000000000100000000001111110011111111111111111111111100000000111111111111111111111111111111111111111111111111111111111110001111101111111111100100011111
000000000000000001001100101111111111111111111111111111110000000011111111111110011111111111111111111111111111111111111111111111011011111011100110011111
000000000000000000011000011111111111111111111111111111111110000000001111111111111111111111111111111111111111111111111111111111101111111111111111111111
000000000000000000111001111111111111111111111111111111111111111100000001111111010111111111110011111111111111111111111000011111111111111111111111111111
000000000000000001111111111111111111111111111111111111111111111111000011111111000000011111111000000011101101111111111111111111111100111111100011111110
000000000000000111011111111111111111011111111111111111111111111111111111111110001011111111111111110000000101111111111111111111111111010111111011001111
000000000000000111111111111111111111111111111111111111111111111111111111111110000000111111111111111111110010111111111111111111111111111111111111111111
000000000000001111111101111111111111111111111111111111111111111001111111111111100000000111111111111111111110000001011111111111111111111111111111111111
000000000000001111100011011111111111111111111111111111111111111000000011111111111111100000111111111111111100111111011001111111111111111111111111111111
000000000000011111111000011111111111111111111111111111111111111110011111111111111111110000000111111111111111111111111110011011111111111111111111111111
000000000000000111111000111111111111111111111111111111111111111111111111111111111111111100000000111111111111111111111111111111111111111111101111111111
000000001110011111111100111111111111111111111111111111111111111111111111111111111111111110000000000111111111111011111111111111111110011110111111111111
000000111111111111111110111111111111111111111111111111111111111111111111111111111111111111000000000000111111111111111111111111111111110011111111111111
